75 
121 
126 
72 
100 
124 
99 
85 
93 
42 
96 
39 
91 
83 
62 
78 
21 
5 
120 
95 
48 
24 
14 
105 
55 
103 
10 
50 
27 
17 
37 
118 
26 
52 
6 
11 
51 
113 
12 
56 
110 
92 
115 
71 
44 
41 
28 
87 
20 
94 
16 
69 
127 
15 
109 
66 
8 
60 
7 
111 
29 
34 
31 
88 
98 
74 
58 
77 
9 
90 
4 
22 
45 
57 
68 
122 
43 
108 
63 
30 
123 
82 
119 
101 
35 
86 
70 
19 
54 
38 
89 
33 
0 
3 
47 
79 
106 
112 
73 
76 
84 
61 
25 
81 
125 
97 
36 
23 
116 
102 
104 
67 
80 
64 
46 
107 
1 
32 
13 
53 
117 
49 
2 
59 
40 
114 
65 
18 
