5085620234013450210031006242880411
5085620234013450210031006160691571
5085620234013450210031006136511980
50856202340134502100310062070078259
50856202340134502100310061417910681
50856202340134502100310061948505413
5085620234013450210031006131939158
50856202340134502100310062140215966
5085620234013450210031006592375456
5085620234013450210031006827958829
5085620234013450210031006608063812
50856202340134502100310061648847696
5085620234013450210031006977965670
50462986336202342100310061808296337
5046298633620234210031006108219213
50462986336202342100310061961488197
5046298633620234210031006479695644
1677726821677721701200327801961043922263
1677726821677721701200327801961043922263
1677726821677721701200327801961799751263
1677726821677721701200327801961799751263
1677726821677721701200327801961500921247
167772682167772170120032780196893318508
167772426184549386120032782242698442286
167772426184549386120032782242698442286
167772426184549386120032782242698442286
167772426184549386120032782242395136373
167772426184549386120032782242395136373
1677724261845493861200327822421933927486
167903242167772170120032781351893563911
